[0]
[10.0]
[10.0, 200.0]
[10.0, 124.0]
[10.0, 124.0, 23.0]
[10.0, 124.0, 130.0]
[10.0, 124.0, 106.0]
[10.0, 124.0, 106.0, 107.0]
[10.0, 124.0, 106.0, 18.0]
[10.0, 124.0, 106.0, 18.0, 23.0]
[10.0, 124.0, 106.0, 18.0, 23.0, 100.0]
[10.0, 124.0, 106.0, 18.0, 23.0, 300.0]
[10.0, 124.0, 106.0, 18.0, 23.0, 300.0, 67.0]
[10.0, 124.0, 106.0, 18.0, 23.0, 300.0, 170.0]
[10.0, 124.0, 106.0, 18.0, 23.0, 300.0, 170.0, 45.0]
[10.0, 124.0, 106.0, 18.0, 23.0, 300.0, 170.0, 45.0, 62.0]
[10.0, 124.0, 106.0, 18.0, 23.0, 300.0, 170.0, 45.0, 62.0, 77.0]
[10.0, 124.0, 106.0, 18.0, 23.0, 300.0, 170.0, 45.0, 62.0, 170.0]
[10.0, 124.0, 106.0, 18.0, 23.0, 300.0, 170.0, 45.0, 62.0, 170.0, 110.0]
[10.0, 124.0, 106.0, 18.0, 23.0, 300.0, 170.0, 45.0, 62.0, 170.0, 110.0, 100.0]
